215.285187 527.464600 301.210480 567.898926
464.185852 442.592255 548.861023 483.792389
209.069199 477.441132 301.213501 516.983276
417.965607 111.760391 456.373810 197.141220
470.511230 502.277222 556.648193 541.604736
216.013672 621.246765 304.093872 657.503967
211.351349 257.604034 298.780151 293.473907
469.392151 399.360413 556.328674 435.656311
479.363007 660.807434 559.360718 697.257996
479.976410 607.635498 557.158569 641.366943
485.534180 556.329834 555.047852 592.946289
217.938354 201.260422 302.066040 240.998215
